[property]
output-width=1920
output-height=1080
num-batch-buffers=1

[surface0]
projection-type=3
width=1920
height=1080
focal-length=780.1405121120753
distortion=-0.32331210654790365;0.10154099488173712;-0.013911319961122243;0.001731858075988519;-0.0006000669114957255
src-x0=953.8956449226379
src-y0=538.7993219043634
