[property]
output-width=1920
output-height=1080
num-batch-buffers=1

[surface0]
projection-type=3
width=1920
height=1080
focal-length=788.1805398951828
distortion=-0.3547006107307056;0.15346917319889608;-0.03459712996117843;-0.0019768017045354385;-0.00034076426574741015
src-x0=939.9970960857926
src-y0=564.941880177356
