[property]
output-width=1920
output-height=1080
num-batch-buffers=1

[surface0]
projection-type=3
width=1920
height=1080
focal-length=778.2549484507458
distortion=-0.34523042498901685;0.14170690553899482;-0.029908498703771276;-0.002320482359438603;0.00025305517661989934
src-x0=932.8165995363742
src-y0=552.5617632081882
