[property]
output-width=1920
output-height=1080
num-batch-buffers=1

[surface0]
projection-type=3
width=1920
height=1080
focal-length=776.6870714877275
distortion=-0.35214818669545334;0.15174133951437005;-0.03483452686417806;-5.146641689733963e-06;0.0009747950294743162
src-x0=946.0395511505074
src-y0=545.1516841627475
